# Camera list with one line of data per camera:
#   CAMERA_ID, MODEL, WIDTH, HEIGHT, PARAMS[]
# Number of cameras: 25
1 SIMPLE_RADIAL 780 1170 822.41017252746269 390 585 -0.10427589475703078
2 SIMPLE_RADIAL 780 1170 830.97614768867447 390 585 -0.098850550638192453
3 SIMPLE_RADIAL 780 1170 836.91558598515223 390 585 -0.10320120442130512
4 SIMPLE_RADIAL 780 1170 847.86479975340364 390 585 -0.07447217434410168
5 SIMPLE_RADIAL 780 1170 837.09450960618199 390 585 -0.075391418087900425
6 SIMPLE_RADIAL 780 1170 846.2026109089627 390 585 -0.056862212537747078
7 SIMPLE_RADIAL 780 1170 854.00104625067956 390 585 -0.036625601336286007
8 SIMPLE_RADIAL 780 1170 861.00633486688821 390 585 -0.012761689434753233
9 SIMPLE_RADIAL 780 1170 870.99005065059112 390 585 0.0095540363732990533
10 SIMPLE_RADIAL 780 1170 775.37104220746699 390 585 -0.27941394399383862
11 SIMPLE_RADIAL 780 1170 758.95383847297512 390 585 -0.053629685122643919
12 SIMPLE_RADIAL 780 1170 726.84500825845555 390 585 -0.19308718855264859
13 SIMPLE_RADIAL 780 1170 724.2512807921637 390 585 -0.0026575043114231969
14 SIMPLE_RADIAL 780 1170 743.7364376149327 390 585 -0.019090261235344519
15 SIMPLE_RADIAL 780 1170 653.71974027784199 390 585 -0.19723053905607651
16 SIMPLE_RADIAL 780 1170 756.299643909991 390 585 -0.18324189902157006
17 SIMPLE_RADIAL 780 1170 822.64638586612193 390 585 -0.14813611408601496
18 SIMPLE_RADIAL 780 1170 1312.4709303341422 390 585 -0.23420973675411699
19 SIMPLE_RADIAL 780 1170 2005.6896114911206 390 585 -0.50121449659305695
20 SIMPLE_RADIAL 780 1170 1924.771327357518 390 585 2.1348185946266081
21 SIMPLE_RADIAL 780 1170 2079.4287588495235 390 585 5.5037772358107659
22 SIMPLE_RADIAL 780 1170 2452.0480295949974 390 585 -1.1110198111875214
23 SIMPLE_RADIAL 780 1170 2662.6269306442941 390 585 -0.46304289351158284
24 SIMPLE_RADIAL 780 1170 2896.9923094199767 390 585 -0.47748712666152471
25 SIMPLE_RADIAL 780 1170 3037.7673105083268 390 585 -1.8936538104394687
