# Camera list with one line of data per camera:
#   CAMERA_ID, MODEL, WIDTH, HEIGHT, PARAMS[]
# Number of cameras: 29
1 SIMPLE_RADIAL 2048 1536 1031.9705864874315 1024 768 0.025259061588536729
2 SIMPLE_RADIAL 2048 1536 1039.4266301242258 1024 768 0.030299228601370781
3 SIMPLE_RADIAL 2048 1536 1042.3784124811777 1024 768 0.033657537718571169
4 SIMPLE_RADIAL 2048 1536 1056.9117004713491 1024 768 0.037508208396266444
5 SIMPLE_RADIAL 2048 1536 1043.8740317743107 1024 768 0.03718426344315668
6 SIMPLE_RADIAL 2048 1536 1051.6567423066781 1024 768 0.039731080200642435
7 SIMPLE_RADIAL 2048 1536 1059.4261008756487 1024 768 0.04040733624653757
8 SIMPLE_RADIAL 2048 1536 1066.8027654168629 1024 768 0.04251277663828211
9 SIMPLE_RADIAL 2048 1536 1076.7960378453247 1024 768 0.047055119152956799
10 SIMPLE_RADIAL 2048 1536 1085.6973790519482 1024 768 0.046812786877532118
11 SIMPLE_RADIAL 2048 1536 1093.201667933012 1024 768 0.0506027153330946
12 SIMPLE_RADIAL 2048 1536 1101.0708267444302 1024 768 0.052707410176098403
13 SIMPLE_RADIAL 2048 1536 1122.0628698738744 1024 768 0.055603327991770465
14 SIMPLE_RADIAL 2048 1536 1132.1604609289016 1024 768 0.056037150915517052
15 SIMPLE_RADIAL 2048 1536 1155.6811405511869 1024 768 0.056049750318257978
16 SIMPLE_RADIAL 2048 1536 1171.2607025845468 1024 768 0.056685737944346823
17 SIMPLE_RADIAL 2048 1536 1187.2821148160315 1024 768 0.057560442611348052
18 SIMPLE_RADIAL 2048 1536 2392.1738867544013 1024 768 0.030311334797242823
19 SIMPLE_RADIAL 2048 1536 2940.7972324571037 1024 768 0.061197778790630847
20 SIMPLE_RADIAL 2048 1536 3392.7907637695034 1024 768 0.031372104434965173
21 SIMPLE_RADIAL 2048 1536 3609.5152006635481 1024 768 0.10522835474000902
22 SIMPLE_RADIAL 2048 1536 4002.9433144629224 1024 768 0.097832473593290725
23 SIMPLE_RADIAL 2048 1536 4382.2220878052703 1024 768 0.083677031569619822
24 SIMPLE_RADIAL 2048 1536 4730.0794589302905 1024 768 0.080170301596258778
25 SIMPLE_RADIAL 2048 1536 5054.4969769396512 1024 768 0.16251398009261578
26 SIMPLE_RADIAL 2048 1536 5328.0288214065813 1024 768 0.1114361393229769
27 SIMPLE_RADIAL 2048 1536 6032.3372459507 1024 768 0.15923466653167784
28 SIMPLE_RADIAL 2048 1536 6804.5261582362837 1024 768 0.055498874870146132
29 SIMPLE_RADIAL 2048 1536 5997.1064332822216 1024 768 0.17002818608178394
